10 12 12 12 21.5 0 10
11 12 12 13 -31 -1 0
11 12 12 12 0 -1 0
11 12 12 10 31 -1 0
10 12 12 10 53.5 0 10
11 12 12 8 62 -1 0
10 12 12 8 88.5 0 10
11 12 12 6 93 -1 0
11 12 12 5 124 -1 0
10 12 12 5 144.5 0 10
11 12 12 3 155 -1 0
10 12 12 3 180.5 0 10
11 12 12 1 186 -1 0
11 12 0 12 217 -1 0
10 12 0 12 238.5 0 10
11 12 0 10 248 -1 0
10 12 0 10 269.5 0 10
11 12 0 8 279 -1 0
10 12 0 8 304.5 0 10
11 12 0 6 310 -1 0
11 12 0 5 341 -1 0
10 12 0 5 362.5 0 10
11 12 0 3 372 -1 0
10 12 0 3 397.5 0 10
11 12 0 1 403 1- 0
11 0 0 12 434 -1 0
10 0 0 12 454.5 0 10
11 0 0 10 465 -1 0
10 0 0 10 487.5 0 10
11 0 0 8 496 -1 0
10 0 0 8 521.5 0 10
11 0 0 6 527 -1 0
11 0 0 5 558 -1 0
10 0 0 5 578.5 0 10
11 0 0 3 589 0 0
10 0 0 3 614.5 0 10
11 0 0 1 620 -1 0
0 0 0 11 651 -1 0
0 0 0 10 672.5 0 10
0 0 0 9 682 -1 0
0 0 0 8 705.5 0 10
0 0 0 7 713 -1 0
0 0 0 6 740.5 0 10
0 0 0 5 744 -1 0
0 0 0 4 775 -1 0
0 0 0 3 796.5 0 10
0 0 0 2 806 -1 0
0 0 0 1 832.5 0 10
0 0 0 0 837 -1 0